35
41 3
10011000111111010100100111101101010100111 10010001010101011110101011111011100100111
92 1
11001111111101101001100110111011000001001110100101110011000110110010011011011001010101010000 00110000000010010110011001000100111110110001011010001100111001001101100100100110101010101111
91 4
1011111101110101000001000111110010000001100101110001110100010111011001101111000010000000110 0101101111110000010101001110110111001001101101111001100100110110011101001011101000010010100
98 2
11011010101011111110000011011100110101010110101001000111010100001010110100010011011011011001010111 11010011101001111101100001111110111100110111100001110111100001001011010101010110111011111101110101
13 2
1100111001000 1010010011111
34 5
0111100111100010011010101111010101 0110101111110011011011101100010111
39 10
111101011111011100101101001111110110001 111101010111011000101101010111110110001
74 6
11011110110000100101111110101110101000100000001000011110010110100111100100 11011010110000110101101111101110111000000000011000111110000011000110000100
29 1
10011011101000000100010111100 01100100010111111011101000010
74 1
01101101101001011011110000101001101011111100100001001110111010001111110010 01100001011000011011010001100001101111110100101001100000101010000111110101
88 1
1001000101111000100011001011001110011101000110010110101110000110001001010011101011010111 1011010111011110101011101111100011011000010111011101000111011111011111011010101111100111
70 8
0110100000000000101100100111011011001101011110100100110011110100101111 0110110000000001101100000110011011001001011010000100100011010100101011
99 1
001100000110001000110101010011011001101000100001101001111110101010111100100000101111110010010000000 001100000010001010110001010111011011101000101001101011111010101000111100000000011111110011010100000
62 1
11011100101110110000011011100000001100101111001001101110101001 00100011010001001111100100011111110011010000110110010001010110
64 1
1001011010000011000111011001011101101001011100100101010111010100 0110100101111100111000100110100010010110100011011010101000101011
83 3
10111001000101010010000000001100111111111001011010000101000010111000000111110101000 11111001010101010011100001011101111111011001001010000100010011111000001111110101100
22 2
1100100000001011011110 1111101010000110011010
35 5
11000101111101000010001110101101001 01000000110100000011000110100101001
60 4
101111111110001011110000011011110110101110110110000101010101 101111101110011001110010001011101111101100111110000111010100
26 2
00011101010010010110010001 10001001100000101000001101
39 9
111111100101111010101001110100100100111 111111100001110010101011110101100100111
73 1
1000101010101101110100111010011000000001101001100000110100000111001110011 0111010101010010001011000101100111111110010110011111001011111000110001101
98 7
01101100000100011000010011011100100000110101110100001111101100010100001110110111100100111100011001 11101110101100010000010001011101101000110111110100101101001100011100100111111111100110111110011011
78 1
101111001001001011100100110000100101101001100111111101010011000101110000101001 111001111100010000110001011010001010110010111010100110101001111111001111010110
25 3
1001001100001010011111001 0101100001000011001100110
26 1
00000101100001001000100011 10100000000100100010111011
12 5
100010010111 100010000101
72 6
100010101011101110001011111101000100110111010110101010000110000001010000 101010101111101100001111111001100110110011010111000000000010001001010000
58 8
1101101110110101001001000111000100100001010000010010101011 1101101111110001101001010011001100100011110010010010001011
67 4
1111100010110100101010111101011111000100101011110010001110101011110 0110100000100110111011110101111100010001101001110110000010011011110
43 5
0000011111000111001111110010100110100000101 0000111101000011011011100000101110000001101
32 1
11100101111000010000011010000001 00011010000111101111100101111110
90 1
010010101000000010110101100100011011110101011101000111010101110110111111010001100000101111 010000101110000000110001100000010011101001011001001011110100100100110111000001000101110111
36 1
000111001000110101110010011111011000 100110011000100100010000011101011000
43 2
0100011010011001000010010000111101011110100 0111011111011111011011000011111001111010110